17 10 2018 01:30:53-40
17 10 2018 01:30:53-40
17 10 2018 01:30:53-40
17 10 2018 01:30:59-41
17 10 2018 01:31:01-40
17 10 2018 01:31:03-39
17 10 2018 01:31:05-41
17 10 2018 01:31:05-41
17 10 2018 01:31:09-39
17 10 2018 01:31:09-39
17 10 2018 01:31:09-39
17 10 2018 01:31:15-38
17 10 2018 01:31:17-39
17 10 2018 01:31:17-39
17 10 2018 01:31:17-39
17 10 2018 01:31:23-38
17 10 2018 01:31:23-38
17 10 2018 01:31:23-38
17 10 2018 01:31:29-39
17 10 2018 01:31:29-39
17 10 2018 01:31:34-38
17 10 2018 01:31:36-37
17 10 2018 01:31:36-37
17 10 2018 01:31:36-37
17 10 2018 01:31:36-37
17 10 2018 01:31:36-37
17 10 2018 01:31:36-37
17 10 2018 01:31:36-37
17 10 2018 01:31:36-37
17 10 2018 01:31:36-37
17 10 2018 01:31:36-37
17 10 2018 01:31:56-36
17 10 2018 01:31:58-37
17 10 2018 01:31:58-37
17 10 2018 01:31:58-37
17 10 2018 01:32:04-38
17 10 2018 01:32:04-38
17 10 2018 01:32:04-38
17 10 2018 01:32:04-38
17 10 2018 01:32:12-39
17 10 2018 01:32:12-39
17 10 2018 01:32:16-40
17 10 2018 01:32:18-41
17 10 2018 01:32:20-40
17 10 2018 01:32:20-40
17 10 2018 01:32:25-38
17 10 2018 01:32:25-38
17 10 2018 01:32:25-38
17 10 2018 01:32:31-39
17 10 2018 01:32:33-11
17 10 2018 01:32:35-50
17 10 2018 01:32:37-56
17 10 2018 01:32:39-57
17 10 2018 01:32:39-57
17 10 2018 01:32:43-58
17 10 2018 01:32:45-59
17 10 2018 01:32:45-59
17 10 2018 01:32:45-59
17 10 2018 01:32:51-61
17 10 2018 01:32:51-61
17 10 2018 01:32:51-61
17 10 2018 01:32:51-61
17 10 2018 01:32:51-61
17 10 2018 01:33:01-60
17 10 2018 01:33:01-60
17 10 2018 01:33:01-60
17 10 2018 01:33:07-61
17 10 2018 01:33:09-62
17 10 2018 01:33:11-63
17 10 2018 01:33:11-63
17 10 2018 01:33:11-63
17 10 2018 01:33:11-63
17 10 2018 01:33:11-63
17 10 2018 01:33:11-63
17 10 2018 01:33:24-64
17 10 2018 01:33:24-64
17 10 2018 01:33:24-64
17 10 2018 01:33:30-65
17 10 2018 01:33:32-66
17 10 2018 01:33:32-66
17 10 2018 01:33:36-65
17 10 2018 01:33:36-65
17 10 2018 01:33:36-65
17 10 2018 01:33:36-65
17 10 2018 01:33:44-64
17 10 2018 01:33:44-64
17 10 2018 01:33:48-66
17 10 2018 01:33:50-65
17 10 2018 01:33:52-66
17 10 2018 01:33:54-65
17 10 2018 01:33:54-65
17 10 2018 01:33:54-65
17 10 2018 01:33:54-65
17 10 2018 01:33:54-65
17 10 2018 01:33:54-65
17 10 2018 01:33:54-65
17 10 2018 01:33:54-65
17 10 2018 01:34:10-66
17 10 2018 01:34:10-66
17 10 2018 01:34:10-66
17 10 2018 01:34:16-67
17 10 2018 01:34:18-66
17 10 2018 01:34:20-67
17 10 2018 01:34:20-67
17 10 2018 01:34:20-67
17 10 2018 01:34:20-67
17 10 2018 01:34:20-67
17 10 2018 01:34:20-67
17 10 2018 01:34:20-67
17 10 2018 01:34:35-66
17 10 2018 01:34:37-67
17 10 2018 01:34:39-68
17 10 2018 01:34:39-68
17 10 2018 01:34:39-68
17 10 2018 01:34:39-68
17 10 2018 01:34:47-69
17 10 2018 01:34:47-69
17 10 2018 01:34:51-70
17 10 2018 01:34:51-70
17 10 2018 01:34:57-49
17 10 2018 01:34:59-59
17 10 2018 01:35:01-60
17 10 2018 01:35:03-62
17 10 2018 01:35:03-62
17 10 2018 01:35:07-63
17 10 2018 01:35:09-64
17 10 2018 01:35:09-64
17 10 2018 01:35:13-65
17 10 2018 01:35:13-65
17 10 2018 01:35:17-66
17 10 2018 01:35:17-66
17 10 2018 01:35:17-66
17 10 2018 01:35:17-66
17 10 2018 01:35:17-66
17 10 2018 01:35:17-66
17 10 2018 01:35:29-65
17 10 2018 01:35:31-66
17 10 2018 01:35:31-66
17 10 2018 01:35:36-65
17 10 2018 01:35:38-64
17 10 2018 01:35:40-65
17 10 2018 01:35:40-65
17 10 2018 01:35:40-65
17 10 2018 01:35:46-64
17 10 2018 01:35:48-65
17 10 2018 01:35:50-64
17 10 2018 01:35:52-65
17 10 2018 01:35:54-66
17 10 2018 01:35:54-66
17 10 2018 01:35:54-66
17 10 2018 01:35:54-66
17 10 2018 01:35:54-66
17 10 2018 01:35:54-66
17 10 2018 01:36:06-67
17 10 2018 01:36:06-67
17 10 2018 01:36:10-66
17 10 2018 01:36:12-67
17 10 2018 01:36:12-67
17 10 2018 01:36:12-67
17 10 2018 01:36:12-67
17 10 2018 01:36:20-66
17 10 2018 01:36:20-66
17 10 2018 01:36:20-66
17 10 2018 01:36:20-66
17 10 2018 01:36:20-66
17 10 2018 01:36:30-67
17 10 2018 01:36:30-67
17 10 2018 01:36:34-68
17 10 2018 01:36:34-68
17 10 2018 01:36:38-67
17 10 2018 01:36:38-67
17 10 2018 01:36:38-67
17 10 2018 01:36:38-67
17 10 2018 01:36:47-68
17 10 2018 01:36:49-65
17 10 2018 01:36:49-65
17 10 2018 01:36:53-66
17 10 2018 01:36:55-67
17 10 2018 01:36:55-67
17 10 2018 01:36:55-67
17 10 2018 01:37:01-66
17 10 2018 01:37:03-67
17 10 2018 01:37:03-67
17 10 2018 01:37:03-67
17 10 2018 01:37:03-67
17 10 2018 01:37:03-67
17 10 2018 01:37:13-65
17 10 2018 01:37:15-67
17 10 2018 01:37:17-68
17 10 2018 01:37:17-68
17 10 2018 01:37:17-68
17 10 2018 01:37:23-70
17 10 2018 01:37:23-70
17 10 2018 01:37:23-70
17 10 2018 01:37:23-70
17 10 2018 01:37:23-70
17 10 2018 01:37:23-70
17 10 2018 01:37:23-70
17 10 2018 01:37:37-69
17 10 2018 01:37:37-69
17 10 2018 01:37:37-69
17 10 2018 01:37:37-69
17 10 2018 01:37:37-69
17 10 2018 01:37:37-69
17 10 2018 01:37:49-70
17 10 2018 01:37:49-70
17 10 2018 01:37:53-71
17 10 2018 01:37:53-71
17 10 2018 01:37:53-71
17 10 2018 01:37:53-71
17 10 2018 01:37:53-71
17 10 2018 01:37:53-71
17 10 2018 01:38:06-72
17 10 2018 01:38:08-74
17 10 2018 01:38:08-74
17 10 2018 01:38:08-74
17 10 2018 01:38:08-74
17 10 2018 01:38:16-75
17 10 2018 01:38:18-74
17 10 2018 01:38:18-74
17 10 2018 01:38:18-74
17 10 2018 01:38:18-74
17 10 2018 01:38:18-74
17 10 2018 01:38:18-74
17 10 2018 01:38:18-74
17 10 2018 01:38:18-74
17 10 2018 01:38:18-74
17 10 2018 01:38:18-74
17 10 2018 01:38:18-74
17 10 2018 01:38:18-74
17 10 2018 01:38:18-74
17 10 2018 01:38:18-74
17 10 2018 01:38:18-74
17 10 2018 01:38:18-74
17 10 2018 01:38:18-74
17 10 2018 01:38:18-74
17 10 2018 01:38:54-75
17 10 2018 01:38:54-75
17 10 2018 01:38:54-75
17 10 2018 01:39:00-76
17 10 2018 01:39:02-75
17 10 2018 01:39:04-76
17 10 2018 01:39:08-40
17 10 2018 01:39:10-80
17 10 2018 01:39:12-85
17 10 2018 01:39:12-85
17 10 2018 01:39:12-85
17 10 2018 01:39:19-84
17 10 2018 01:39:19-84
17 10 2018 01:39:23-83
17 10 2018 01:39:23-83
17 10 2018 01:39:23-83
17 10 2018 01:39:23-83
17 10 2018 01:39:23-83
17 10 2018 01:39:23-83
17 10 2018 01:39:23-83
17 10 2018 01:39:23-83
17 10 2018 01:39:23-83
17 10 2018 01:39:23-83
17 10 2018 01:39:23-83
17 10 2018 01:39:45-82
17 10 2018 01:39:47-83
17 10 2018 01:39:47-83
17 10 2018 01:39:47-83
17 10 2018 01:39:47-83
17 10 2018 01:39:55-84
17 10 2018 01:39:55-84
17 10 2018 01:39:59-83
17 10 2018 01:39:59-83
17 10 2018 01:40:03-82
17 10 2018 01:40:05-81
17 10 2018 01:40:07-82
17 10 2018 01:40:07-82
17 10 2018 01:40:07-82
17 10 2018 01:40:07-82
17 10 2018 01:40:07-82
17 10 2018 01:40:07-82
17 10 2018 01:40:19-83
17 10 2018 01:40:19-83
17 10 2018 01:40:23-84
17 10 2018 01:40:23-84
17 10 2018 01:40:28-83
17 10 2018 01:40:28-83
17 10 2018 01:40:28-83
17 10 2018 01:40:28-83
17 10 2018 01:40:28-83
17 10 2018 01:40:38-84
17 10 2018 01:40:42-70
17 10 2018 01:40:44-75
17 10 2018 01:40:46-77
17 10 2018 01:40:48-78
17 10 2018 01:40:50-80
17 10 2018 01:40:52-79
17 10 2018 01:40:54-80
17 10 2018 01:40:56-82
17 10 2018 01:40:56-82
17 10 2018 01:40:56-82
17 10 2018 02:09:04-48
17 10 2018 02:09:04-48
17 10 2018 02:09:08-51
17 10 2018 02:09:10-52
17 10 2018 02:09:10-52
17 10 2018 02:09:10-52
17 10 2018 02:09:16-53
17 10 2018 02:09:16-53
17 10 2018 02:09:21-54
17 10 2018 02:09:21-54
17 10 2018 02:09:21-54
17 10 2018 02:09:27-55
17 10 2018 02:09:29-54
17 10 2018 02:09:31-53
17 10 2018 02:09:31-53
17 10 2018 02:09:31-53
17 10 2018 02:09:41-48
17 10 2018 02:09:43-50
17 10 2018 02:09:45-52
17 10 2018 02:09:47-53
17 10 2018 02:09:49-55
17 10 2018 02:09:51-54
17 10 2018 02:09:51-54
17 10 2018 02:09:55-51
17 10 2018 02:09:57-52
17 10 2018 02:09:57-52
17 10 2018 02:09:57-52
17 10 2018 02:09:57-52
17 10 2018 02:09:57-52
17 10 2018 02:10:08-53
17 10 2018 02:10:08-53
17 10 2018 02:10:08-53
17 10 2018 02:10:08-53
17 10 2018 02:10:08-53
17 10 2018 02:10:08-53
17 10 2018 02:10:08-53
17 10 2018 02:10:08-53
17 10 2018 02:10:08-53
17 10 2018 02:10:08-53
17 10 2018 02:10:08-53
17 10 2018 02:10:30-55
17 10 2018 02:10:30-55
17 10 2018 02:10:30-55
17 10 2018 02:10:36-56
17 10 2018 02:10:38-57
17 10 2018 02:10:38-57
17 10 2018 02:10:42-58
17 10 2018 02:10:44-57
17 10 2018 02:10:44-57
17 10 2018 02:10:44-57
17 10 2018 02:10:44-57
17 10 2018 02:10:52-59
17 10 2018 02:10:54-58
17 10 2018 02:10:56-59
17 10 2018 02:10:56-59
17 10 2018 02:10:56-59
17 10 2018 02:10:56-59
17 10 2018 02:10:56-59
17 10 2018 02:10:56-59
17 10 2018 02:11:09-60
17 10 2018 02:11:11-59
17 10 2018 02:11:11-59
17 10 2018 02:11:15-60
17 10 2018 02:11:15-60
17 10 2018 02:11:15-60
17 10 2018 02:11:15-60
17 10 2018 02:11:15-60
17 10 2018 02:11:15-60
17 10 2018 02:11:27-59
17 10 2018 02:11:29-60
17 10 2018 02:11:29-60
17 10 2018 02:11:33-59
17 10 2018 02:11:33-59
17 10 2018 02:11:33-59
17 10 2018 02:11:33-59
17 10 2018 02:11:33-59
17 10 2018 02:11:33-59
17 10 2018 02:11:33-59
17 10 2018 02:11:47-61
17 10 2018 02:11:47-61
17 10 2018 02:11:47-61
17 10 2018 02:11:47-61
17 10 2018 02:11:55-62
17 10 2018 02:11:55-62
17 10 2018 02:11:59-60
17 10 2018 02:11:59-60
17 10 2018 02:12:03-61
17 10 2018 02:12:03-61
17 10 2018 02:12:03-61
17 10 2018 02:12:09-62
17 10 2018 02:12:12-61
17 10 2018 02:12:14-33
17 10 2018 02:12:16-59
17 10 2018 02:12:18-61
17 10 2018 02:12:20-64
17 10 2018 02:12:22-63
17 10 2018 02:12:22-63
17 10 2018 02:12:26-64
17 10 2018 02:12:26-64
17 10 2018 02:12:30-63
17 10 2018 02:12:32-64
17 10 2018 02:12:34-65
17 10 2018 02:12:34-65
17 10 2018 02:12:34-65
17 10 2018 02:12:40-64
17 10 2018 02:12:42-62
17 10 2018 02:12:42-62
17 10 2018 02:12:42-62
17 10 2018 02:12:42-62
17 10 2018 02:12:50-61
17 10 2018 02:12:52-62
17 10 2018 02:12:54-63
17 10 2018 02:12:56-64
17 10 2018 02:12:56-64
17 10 2018 02:13:01-63
17 10 2018 02:13:01-63
17 10 2018 02:13:01-63
17 10 2018 02:13:01-63
17 10 2018 02:13:01-63
17 10 2018 02:13:01-63
17 10 2018 02:13:01-63
17 10 2018 02:13:01-63
17 10 2018 02:13:01-63
17 10 2018 02:13:19-64
17 10 2018 02:13:21-65
17 10 2018 02:13:23-66
17 10 2018 02:13:23-66
17 10 2018 02:13:27-67
17 10 2018 02:13:29-66
17 10 2018 02:13:29-66
17 10 2018 02:13:33-67
17 10 2018 02:13:33-67
17 10 2018 02:13:37-68
17 10 2018 02:13:37-68
17 10 2018 02:13:37-68
17 10 2018 02:13:43-67
17 10 2018 02:13:43-67
17 10 2018 02:13:43-67
17 10 2018 02:13:43-67
17 10 2018 02:13:51-66
17 10 2018 02:13:53-67
17 10 2018 02:13:53-67
17 10 2018 02:13:53-67
17 10 2018 02:13:59-68
17 10 2018 02:13:59-68
17 10 2018 02:14:03-67
17 10 2018 02:14:03-67
17 10 2018 02:14:03-67
17 10 2018 02:14:03-67
17 10 2018 02:14:12-65
17 10 2018 02:14:12-65
17 10 2018 02:14:12-65
17 10 2018 02:14:12-65
17 10 2018 02:14:12-65
17 10 2018 02:14:12-65
17 10 2018 02:14:12-65
17 10 2018 02:14:26-64
17 10 2018 02:14:28-65
17 10 2018 02:14:28-65
17 10 2018 02:14:28-65
17 10 2018 02:14:34-66
17 10 2018 02:14:34-66
17 10 2018 02:14:34-66
17 10 2018 02:14:34-66
17 10 2018 02:14:42-69
17 10 2018 02:14:42-69
17 10 2018 02:14:42-69
17 10 2018 02:14:50-53
17 10 2018 02:14:52-63
17 10 2018 02:14:54-68
17 10 2018 02:14:54-68
17 10 2018 02:14:58-42
17 10 2018 02:15:00-61
17 10 2018 02:15:02-60
17 10 2018 02:15:04-61
17 10 2018 02:15:04-61
17 10 2018 02:15:04-61
17 10 2018 02:15:10-64
17 10 2018 02:15:12-65
17 10 2018 02:15:12-65
17 10 2018 02:15:12-65
17 10 2018 02:15:18-66
17 10 2018 02:15:18-66
17 10 2018 02:15:23-65
17 10 2018 02:15:23-65
17 10 2018 02:15:27-66
17 10 2018 02:15:29-68
17 10 2018 02:15:31-69
17 10 2018 02:15:31-69
17 10 2018 02:15:31-69
17 10 2018 02:15:31-69
17 10 2018 02:15:31-69
17 10 2018 02:15:43-58
17 10 2018 02:15:45-66
17 10 2018 02:15:47-67
17 10 2018 02:15:47-67
17 10 2018 02:15:51-68
17 10 2018 02:15:53-67
17 10 2018 02:15:55-66
17 10 2018 02:15:55-66
17 10 2018 02:15:59-65
17 10 2018 02:16:01-64
17 10 2018 02:16:03-63
17 10 2018 02:16:03-63
17 10 2018 02:16:03-63
17 10 2018 02:16:03-63
17 10 2018 02:16:03-63
17 10 2018 02:16:03-63
17 10 2018 02:16:15-65
17 10 2018 02:16:15-65
17 10 2018 02:16:19-66
17 10 2018 02:16:21-64
17 10 2018 02:16:24-66
17 10 2018 02:16:26-65
17 10 2018 02:16:28-66
17 10 2018 02:16:30-65
17 10 2018 02:16:30-65
17 10 2018 02:16:34-64
17 10 2018 02:16:36-63
17 10 2018 02:16:36-63
17 10 2018 02:16:40-62
17 10 2018 02:16:40-62
17 10 2018 02:16:44-61
17 10 2018 02:16:46-62
17 10 2018 02:16:46-62
17 10 2018 02:16:46-62
17 10 2018 02:16:52-63
17 10 2018 02:16:52-63
17 10 2018 02:16:52-63
17 10 2018 02:16:58-64
17 10 2018 02:17:00-21
17 10 2018 02:17:02-60
17 10 2018 02:17:04-61
17 10 2018 02:17:06-63
17 10 2018 02:17:08-61
17 10 2018 02:17:10-60
17 10 2018 02:17:12-59
17 10 2018 02:17:14-57
17 10 2018 02:17:14-57
17 10 2018 02:17:14-57
17 10 2018 02:17:14-57
17 10 2018 02:17:14-57
17 10 2018 02:17:14-57
17 10 2018 02:17:27-58
17 10 2018 02:17:27-58
17 10 2018 02:17:27-58
17 10 2018 02:17:27-58
17 10 2018 02:17:27-58
17 10 2018 02:17:27-58
17 10 2018 02:17:27-58
17 10 2018 02:17:41-59
17 10 2018 02:17:43-58
17 10 2018 02:17:45-59
17 10 2018 02:17:47-60
17 10 2018 02:17:49-59
17 10 2018 02:17:49-59
17 10 2018 02:17:49-59
17 10 2018 02:17:49-59
17 10 2018 02:17:49-59
17 10 2018 02:17:49-59
17 10 2018 02:17:49-59
17 10 2018 02:17:49-59
17 10 2018 02:17:49-59
17 10 2018 02:17:49-59
17 10 2018 02:17:49-59
17 10 2018 02:17:49-59
17 10 2018 02:17:49-59
17 10 2018 02:17:49-59
17 10 2018 02:17:49-59
17 10 2018 02:17:49-59
17 10 2018 02:17:49-59
17 10 2018 02:17:49-59
17 10 2018 02:17:49-59
17 10 2018 02:17:49-59
17 10 2018 02:17:49-59
17 10 2018 02:17:49-59
17 10 2018 02:18:33-58
17 10 2018 02:18:33-58
17 10 2018 02:18:38-59
17 10 2018 02:18:40-58
17 10 2018 02:18:40-58
17 10 2018 02:18:44-59
17 10 2018 02:18:46-60
17 10 2018 02:18:48-59
17 10 2018 02:18:48-59
17 10 2018 02:18:48-59
17 10 2018 02:18:48-59
17 10 2018 02:18:48-59
17 10 2018 02:18:48-59
17 10 2018 02:19:00-60
17 10 2018 02:19:00-60
17 10 2018 02:19:00-60
17 10 2018 02:19:00-60
17 10 2018 02:19:08-62
17 10 2018 02:19:10-61
17 10 2018 02:19:10-61
17 10 2018 02:19:14-62
17 10 2018 02:19:14-62
17 10 2018 02:19:14-62
17 10 2018 02:19:20-63
17 10 2018 02:19:20-63
17 10 2018 02:19:26-51
17 10 2018 02:19:28-59
17 10 2018 02:19:30-61
17 10 2018 02:19:30-61
17 10 2018 02:19:30-61
17 10 2018 02:19:37-63
17 10 2018 02:19:37-63
17 10 2018 02:19:37-63
17 10 2018 02:19:43-64
17 10 2018 02:19:43-64
17 10 2018 02:19:47-66
17 10 2018 02:19:47-66
17 10 2018 02:19:51-67
17 10 2018 02:19:51-67
17 10 2018 02:19:51-67
17 10 2018 02:19:57-42
17 10 2018 02:19:59-77
17 10 2018 02:19:59-77
17 10 2018 02:20:03-78
17 10 2018 02:20:05-80
17 10 2018 02:20:05-80
17 10 2018 02:20:05-80
17 10 2018 02:20:11-82
17 10 2018 02:20:11-82
17 10 2018 02:20:11-82
17 10 2018 02:20:11-82
17 10 2018 02:20:11-82
17 10 2018 02:20:21-80
17 10 2018 02:20:21-80
17 10 2018 02:20:25-79
17 10 2018 02:20:25-79
17 10 2018 02:20:29-81
17 10 2018 02:20:29-81
17 10 2018 02:20:33-80
17 10 2018 02:20:33-80
17 10 2018 02:20:37-79
17 10 2018 02:20:37-79
17 10 2018 02:20:37-79
17 10 2018 02:20:37-79
17 10 2018 02:20:46-80
17 10 2018 02:20:46-80
17 10 2018 02:20:50-81
17 10 2018 02:20:54-67
17 10 2018 02:20:56-73
17 10 2018 02:20:58-75
17 10 2018 02:21:00-76
17 10 2018 02:21:02-78
17 10 2018 02:21:02-78
17 10 2018 02:21:06-77
17 10 2018 02:21:08-76
17 10 2018 02:21:10-77
17 10 2018 02:21:10-77
17 10 2018 02:21:10-77
17 10 2018 02:21:10-77
17 10 2018 02:21:10-77
17 10 2018 02:21:20-75
17 10 2018 02:21:20-75
17 10 2018 02:21:20-75
17 10 2018 02:21:26-77
17 10 2018 02:21:26-77
17 10 2018 02:21:30-79
17 10 2018 02:21:30-79
17 10 2018 02:21:30-79
17 10 2018 02:21:36-80
17 10 2018 02:21:40-69
17 10 2018 02:21:43-76
17 10 2018 02:21:43-76
17 10 2018 02:21:47-78
17 10 2018 02:21:47-78
17 10 2018 02:21:47-78
17 10 2018 02:21:53-81
17 10 2018 02:21:53-81
17 10 2018 02:21:57-80
17 10 2018 02:21:57-80
17 10 2018 02:22:01-81
17 10 2018 02:22:01-81
17 10 2018 02:22:05-82
17 10 2018 02:22:05-82
17 10 2018 02:22:05-82
17 10 2018 02:22:11-86
17 10 2018 02:22:11-86
17 10 2018 02:22:15-87
17 10 2018 02:22:17-85
17 10 2018 02:22:17-85
17 10 2018 02:22:21-86
17 10 2018 02:22:21-86
17 10 2018 02:22:25-85
17 10 2018 02:22:25-85
17 10 2018 02:22:29-86
17 10 2018 02:22:31-85
17 10 2018 02:22:33-83
17 10 2018 02:22:35-85
17 10 2018 02:22:35-85
17 10 2018 02:22:35-85
17 10 2018 02:22:41-84
17 10 2018 02:22:41-84
17 10 2018 02:22:45-83
17 10 2018 02:22:45-83
17 10 2018 02:22:45-83
17 10 2018 02:22:45-83
17 10 2018 02:22:54-84
17 10 2018 02:22:54-84
17 10 2018 02:22:54-84
17 10 2018 02:23:00-19
17 10 2018 02:23:02-75
17 10 2018 02:23:04-77
17 10 2018 02:23:06-78
17 10 2018 02:23:08-76
17 10 2018 02:23:10-78
17 10 2018 02:23:12-81
17 10 2018 02:23:12-81
17 10 2018 02:23:16-79
17 10 2018 02:23:16-79
17 10 2018 02:23:20-80
17 10 2018 02:23:20-80
17 10 2018 02:23:20-80
17 10 2018 02:23:26-81
17 10 2018 02:23:28-80
17 10 2018 02:23:28-80
17 10 2018 02:23:32-81
17 10 2018 02:23:32-81
17 10 2018 02:23:32-81
17 10 2018 02:23:38-80
17 10 2018 02:23:40-81
17 10 2018 02:23:42-82
17 10 2018 02:23:42-82
17 10 2018 02:23:46-81
17 10 2018 02:23:46-81
17 10 2018 02:23:46-81
17 10 2018 02:23:52-80
17 10 2018 02:23:55-81
17 10 2018 02:23:57-82
17 10 2018 02:23:59-83
17 10 2018 02:24:01-85
17 10 2018 02:24:01-85
17 10 2018 02:24:05-40
17 10 2018 02:24:07-70
17 10 2018 02:24:09-78
17 10 2018 02:24:09-78
17 10 2018 02:24:13-80
17 10 2018 02:24:15-81
17 10 2018 02:24:15-81
17 10 2018 02:24:15-81
17 10 2018 02:24:21-79
17 10 2018 02:24:21-79
17 10 2018 02:24:21-79
17 10 2018 02:24:21-79
17 10 2018 02:24:29-77
17 10 2018 02:24:29-77
17 10 2018 02:24:33-76
17 10 2018 02:24:33-76
17 10 2018 02:24:37-77
17 10 2018 02:24:37-77
17 10 2018 02:24:37-77
17 10 2018 02:24:43-76
17 10 2018 02:24:45-75
17 10 2018 02:24:47-76
17 10 2018 02:24:49-77
17 10 2018 02:24:49-77
17 10 2018 02:24:49-77
17 10 2018 02:24:49-77
17 10 2018 02:24:49-77
17 10 2018 02:25:00-78
17 10 2018 02:25:00-78
17 10 2018 02:25:06-68
17 10 2018 02:25:08-74
17 10 2018 02:25:10-76
17 10 2018 02:25:12-75
17 10 2018 02:25:14-78
17 10 2018 02:25:14-78
17 10 2018 02:25:18-79
17 10 2018 02:25:20-80
17 10 2018 02:25:20-80
17 10 2018 02:25:24-81
17 10 2018 02:25:24-81
17 10 2018 02:25:24-81
17 10 2018 02:25:30-82
17 10 2018 02:25:32-81
17 10 2018 02:25:32-81
17 10 2018 02:25:36-83
17 10 2018 02:25:38-82
17 10 2018 02:25:38-82
17 10 2018 02:25:42-83
17 10 2018 02:25:44-82
17 10 2018 02:25:44-82
17 10 2018 02:25:48-81
17 10 2018 02:25:48-81
17 10 2018 02:25:48-81
17 10 2018 02:25:48-81
17 10 2018 02:25:48-81
17 10 2018 02:25:48-81
17 10 2018 02:25:48-81
17 10 2018 02:25:48-81
17 10 2018 02:25:48-81
17 10 2018 02:25:48-81
17 10 2018 02:25:48-81
17 10 2018 02:25:48-81
17 10 2018 02:26:13-82
17 10 2018 02:26:13-82
17 10 2018 02:26:13-82
17 10 2018 02:26:13-82
17 10 2018 02:26:13-82
17 10 2018 02:26:25-19
17 10 2018 02:26:27-39
17 10 2018 02:26:29-43
17 10 2018 02:26:29-43
17 10 2018 02:26:29-43
17 10 2018 02:26:35-41
17 10 2018 02:26:37-43
17 10 2018 02:26:37-43
17 10 2018 02:26:37-43
17 10 2018 02:26:37-43
17 10 2018 02:26:45-45
17 10 2018 02:26:47-33
17 10 2018 02:26:49-69
17 10 2018 02:26:51-72
17 10 2018 02:26:51-72
17 10 2018 02:26:51-72
17 10 2018 02:26:57-74
17 10 2018 02:26:57-74
17 10 2018 02:27:01-77
17 10 2018 02:27:01-77
17 10 2018 02:27:06-79
17 10 2018 02:27:08-78
17 10 2018 02:27:10-79
17 10 2018 02:27:10-79
17 10 2018 02:27:10-79
17 10 2018 02:27:10-79
17 10 2018 02:27:10-79
17 10 2018 02:27:20-78
17 10 2018 02:27:20-78
17 10 2018 02:27:20-78
17 10 2018 02:27:20-78
17 10 2018 02:27:20-78
17 10 2018 02:27:30-77
17 10 2018 02:27:30-77
17 10 2018 02:27:30-77
17 10 2018 02:27:36-76
17 10 2018 02:27:38-77
17 10 2018 02:27:40-78
17 10 2018 02:27:42-79
17 10 2018 02:27:42-79
17 10 2018 02:27:42-79
17 10 2018 02:27:42-79
17 10 2018 02:27:50-78
17 10 2018 02:27:50-78
17 10 2018 02:27:54-77
17 10 2018 02:27:54-77
17 10 2018 02:27:54-77
17 10 2018 02:27:54-77
17 10 2018 02:28:02-76
17 10 2018 02:28:02-76
17 10 2018 02:28:02-76
17 10 2018 02:28:02-76
17 10 2018 02:28:02-76
17 10 2018 02:28:02-76
17 10 2018 02:28:02-76
17 10 2018 02:28:02-76
17 10 2018 02:28:02-76
17 10 2018 02:28:21-75
17 10 2018 02:28:23-76
17 10 2018 02:28:23-76
17 10 2018 02:28:23-76
17 10 2018 02:28:23-76
17 10 2018 02:28:23-76
17 10 2018 02:28:23-76
17 10 2018 02:28:35-76
17 10 2018 02:28:35-76
17 10 2018 02:28:39-77
17 10 2018 02:28:39-77
17 10 2018 02:28:43-78
17 10 2018 02:28:43-78
17 10 2018 02:28:47-77
17 10 2018 02:28:49-78
17 10 2018 02:28:49-78
17 10 2018 02:28:53-77
17 10 2018 02:28:53-77
17 10 2018 02:28:57-11
17 10 2018 02:28:59-70
17 10 2018 02:29:01-75
17 10 2018 02:29:03-76
17 10 2018 02:29:05-78
17 10 2018 02:29:07-79
17 10 2018 02:29:07-79
17 10 2018 02:29:07-79
17 10 2018 02:29:13-78
17 10 2018 02:29:13-78
17 10 2018 02:29:17-77
17 10 2018 02:29:17-77
17 10 2018 02:29:17-77
17 10 2018 02:29:24-78
17 10 2018 02:29:26-76
17 10 2018 02:29:28-77
17 10 2018 02:29:28-77
17 10 2018 02:29:32-78
17 10 2018 02:29:32-78
17 10 2018 02:29:32-78
17 10 2018 02:29:32-78
17 10 2018 02:29:40-77
17 10 2018 02:29:40-77
17 10 2018 02:29:40-77
17 10 2018 02:29:40-77
17 10 2018 02:29:48-78
17 10 2018 02:29:50-79
17 10 2018 02:29:50-79
17 10 2018 02:29:54-77
17 10 2018 02:29:56-78
17 10 2018 02:29:56-78
17 10 2018 02:29:56-78
17 10 2018 02:30:02-80
17 10 2018 02:30:04-77
17 10 2018 02:30:04-77
17 10 2018 02:30:04-77
17 10 2018 02:30:04-77
17 10 2018 02:30:12-76
17 10 2018 02:30:14-77
17 10 2018 02:30:14-77
17 10 2018 02:30:18-78
17 10 2018 02:30:18-78
17 10 2018 02:30:18-78
17 10 2018 02:30:18-78
17 10 2018 02:30:26-79
17 10 2018 02:30:26-79
17 10 2018 02:30:30-26
17 10 2018 02:30:35-65
17 10 2018 02:30:37-70
17 10 2018 02:30:39-69
17 10 2018 02:30:39-69
17 10 2018 02:30:39-69
17 10 2018 02:30:39-69
17 10 2018 02:30:47-68
17 10 2018 02:30:47-68
17 10 2018 02:30:51-67
17 10 2018 02:30:53-65
17 10 2018 02:30:53-65
17 10 2018 02:30:53-65
17 10 2018 02:30:53-65
17 10 2018 02:30:53-65
17 10 2018 02:31:03-66
17 10 2018 02:31:03-66
17 10 2018 02:31:07-65
17 10 2018 02:31:07-65
17 10 2018 02:31:11-64
17 10 2018 02:31:11-64
17 10 2018 02:31:11-64
17 10 2018 02:31:11-64
17 10 2018 02:31:11-64
17 10 2018 02:31:11-64
17 10 2018 02:31:23-63
17 10 2018 02:31:23-63
17 10 2018 02:31:27-64
17 10 2018 02:31:27-64
17 10 2018 02:31:27-64
17 10 2018 02:31:27-64
17 10 2018 02:31:27-64
17 10 2018 02:31:27-64
17 10 2018 02:31:27-64
17 10 2018 02:31:27-64
17 10 2018 02:31:27-64
17 10 2018 02:31:46-63
17 10 2018 02:31:48-62
17 10 2018 02:31:48-62
17 10 2018 02:31:52-63
17 10 2018 02:31:52-63
17 10 2018 02:31:56-62
17 10 2018 02:31:56-62
17 10 2018 02:31:56-62
17 10 2018 02:32:02-60
17 10 2018 02:32:04-37
17 10 2018 02:32:06-60
17 10 2018 02:32:08-62
17 10 2018 02:32:10-66
17 10 2018 02:32:10-66
17 10 2018 02:32:14-68
17 10 2018 02:32:14-68
17 10 2018 02:32:14-68
17 10 2018 02:32:20-67
17 10 2018 02:32:20-67
17 10 2018 02:32:24-68
17 10 2018 02:32:26-67
17 10 2018 02:32:26-67
17 10 2018 02:32:26-67
17 10 2018 02:32:32-66
17 10 2018 02:32:32-66
17 10 2018 02:32:36-67
17 10 2018 02:32:36-67
17 10 2018 02:32:36-67
17 10 2018 02:32:36-67
17 10 2018 02:32:36-67
17 10 2018 02:32:47-66
17 10 2018 02:32:47-66
17 10 2018 02:34:01-69
17 10 2018 02:34:01-69
17 10 2018 02:34:01-69
17 10 2018 02:34:01-69
17 10 2018 02:34:01-69
17 10 2018 02:34:12-70
17 10 2018 02:34:14-72
17 10 2018 02:34:14-72
17 10 2018 02:34:18-25
17 10 2018 02:34:20-59
17 10 2018 02:34:22-65
17 10 2018 02:34:24-63
17 10 2018 02:34:26-60
17 10 2018 02:34:26-60
17 10 2018 02:34:30-62
17 10 2018 02:34:32-64
17 10 2018 02:34:32-64
17 10 2018 02:34:32-64
17 10 2018 02:34:38-63
17 10 2018 02:34:38-63
17 10 2018 02:34:42-62
17 10 2018 02:34:45-63
17 10 2018 02:34:47-62
17 10 2018 02:34:47-62
17 10 2018 02:34:51-63
17 10 2018 02:34:51-63
17 10 2018 02:34:51-63
17 10 2018 02:34:51-63
17 10 2018 02:34:51-63
17 10 2018 02:35:01-62
17 10 2018 02:35:03-63
17 10 2018 02:35:03-63
17 10 2018 02:35:07-64
17 10 2018 02:35:07-64
17 10 2018 02:35:07-64
17 10 2018 02:35:07-64
17 10 2018 02:35:07-64
17 10 2018 02:35:17-63
17 10 2018 02:35:17-63
17 10 2018 02:35:17-63
17 10 2018 02:35:17-63
17 10 2018 02:35:17-63
17 10 2018 02:35:17-63
17 10 2018 02:35:17-63
17 10 2018 02:35:17-63
17 10 2018 02:35:17-63
17 10 2018 02:35:17-63
17 10 2018 02:35:37-62
17 10 2018 02:35:37-62
17 10 2018 02:35:37-62
17 10 2018 02:35:37-62
17 10 2018 02:35:37-62
17 10 2018 02:35:37-62
17 10 2018 02:35:37-62
17 10 2018 02:35:51-63
17 10 2018 02:35:54-62
17 10 2018 02:35:56-63
17 10 2018 02:35:56-63
17 10 2018 02:35:56-63
17 10 2018 02:35:56-63
17 10 2018 02:36:04-64
17 10 2018 02:36:06-22
17 10 2018 02:36:08-44
17 10 2018 02:36:10-50
17 10 2018 02:36:12-51
17 10 2018 02:36:14-50
17 10 2018 02:36:14-50
17 10 2018 02:36:18-51
17 10 2018 02:36:18-51
17 10 2018 02:36:18-51
17 10 2018 02:36:18-51
17 10 2018 02:36:18-51
17 10 2018 02:36:18-51
17 10 2018 02:36:18-51
17 10 2018 02:36:18-51
17 10 2018 02:36:34-49
17 10 2018 02:36:38-41
17 10 2018 02:36:40-45
17 10 2018 02:36:42-48
17 10 2018 02:36:44-49
17 10 2018 02:36:46-52
17 10 2018 02:36:48-51
17 10 2018 02:36:48-51
17 10 2018 02:36:53-50
17 10 2018 02:36:53-50
17 10 2018 02:36:53-50
17 10 2018 02:36:59-49
17 10 2018 02:37:01-50
17 10 2018 02:37:01-50
17 10 2018 02:37:01-50
17 10 2018 02:37:01-50
17 10 2018 02:37:01-50
17 10 2018 02:37:01-50
17 10 2018 02:37:01-50
17 10 2018 02:37:15-51
17 10 2018 02:37:15-51
17 10 2018 02:37:15-51
17 10 2018 02:37:15-51
17 10 2018 02:37:15-51
17 10 2018 02:37:15-51
17 10 2018 02:37:27-52
17 10 2018 02:37:27-52
17 10 2018 02:37:27-52
17 10 2018 02:37:33-53
17 10 2018 02:37:33-53
17 10 2018 02:37:33-53
17 10 2018 02:37:33-53
17 10 2018 02:37:33-53
17 10 2018 02:37:43-54
17 10 2018 02:37:43-54
17 10 2018 02:37:47-55
17 10 2018 02:37:47-55
17 10 2018 02:37:47-55
17 10 2018 02:37:47-55
17 10 2018 02:37:55-56
17 10 2018 02:37:57-57
17 10 2018 02:37:57-57
17 10 2018 02:37:57-57
17 10 2018 02:37:57-57
17 10 2018 02:37:57-57
17 10 2018 02:37:57-57
17 10 2018 02:37:57-57
17 10 2018 02:37:57-57
17 10 2018 02:38:13-58
17 10 2018 02:38:13-58
17 10 2018 02:38:13-58
17 10 2018 02:38:20-57
17 10 2018 02:38:20-57
17 10 2018 02:38:20-57
17 10 2018 02:38:20-57
17 10 2018 02:38:28-58
17 10 2018 02:38:28-58
17 10 2018 02:38:28-58
17 10 2018 02:38:28-58
17 10 2018 02:38:36-59
17 10 2018 02:38:36-59
17 10 2018 02:38:36-59
17 10 2018 02:38:36-59
17 10 2018 02:38:36-59
17 10 2018 02:38:46-60
17 10 2018 02:38:46-60
17 10 2018 02:38:46-60
17 10 2018 02:38:46-60
17 10 2018 02:38:54-61
17 10 2018 02:38:54-61
17 10 2018 02:38:54-61
17 10 2018 02:38:54-61
17 10 2018 02:38:54-61
17 10 2018 02:38:54-61
17 10 2018 02:38:54-61
17 10 2018 02:38:54-61
17 10 2018 02:38:54-61
17 10 2018 02:38:54-61
17 10 2018 02:39:14-63
17 10 2018 02:39:16-62
17 10 2018 02:39:16-62
17 10 2018 02:39:20-61
17 10 2018 02:39:20-61
17 10 2018 02:39:20-61
17 10 2018 02:39:26-62
17 10 2018 02:39:26-62
17 10 2018 02:39:30-63
17 10 2018 02:39:32-61
17 10 2018 02:39:34-62
17 10 2018 02:39:36-63
17 10 2018 02:39:36-63
17 10 2018 02:39:36-63
17 10 2018 02:39:43-64
17 10 2018 02:39:45-63
17 10 2018 02:39:45-63
17 10 2018 02:39:45-63
17 10 2018 02:39:51-64
17 10 2018 02:39:53-63
17 10 2018 02:39:53-63
17 10 2018 02:39:53-63
17 10 2018 02:39:53-63
17 10 2018 02:39:53-63
17 10 2018 02:40:03-62
17 10 2018 02:40:03-62
17 10 2018 02:40:03-62
17 10 2018 02:40:03-62
17 10 2018 02:40:11-61
17 10 2018 02:40:11-61
17 10 2018 02:40:11-61
17 10 2018 02:40:11-61
17 10 2018 02:40:19-63
17 10 2018 02:40:19-63
17 10 2018 02:40:19-63
17 10 2018 02:40:25-61
17 10 2018 02:40:27-62
17 10 2018 02:40:27-62
17 10 2018 02:40:27-62
17 10 2018 02:40:27-62
17 10 2018 02:40:27-62
17 10 2018 02:40:27-62
17 10 2018 02:40:27-62
17 10 2018 02:40:27-62
17 10 2018 02:40:27-62
17 10 2018 02:40:27-62
17 10 2018 02:40:27-62
17 10 2018 02:40:49-84
17 10 2018 02:40:51-99
17 10 2018 02:40:53-101
17 10 2018 02:40:55-100
17 10 2018 02:40:55-100
17 10 2018 02:40:55-100
17 10 2018 02:40:55-100
17 10 2018 02:41:03-98
17 10 2018 02:41:06-99
17 10 2018 02:41:06-99
17 10 2018 02:41:06-99
17 10 2018 02:41:06-99
17 10 2018 02:41:14-100
17 10 2018 02:41:16-99
17 10 2018 02:41:16-99
17 10 2018 02:41:20-100
17 10 2018 02:41:20-100
17 10 2018 02:41:20-100
17 10 2018 02:41:26-101
17 10 2018 02:41:26-101
17 10 2018 02:41:30-100
17 10 2018 02:41:30-100
17 10 2018 02:41:36-30
17 10 2018 02:41:38-22
17 10 2018 02:41:40-20
17 10 2018 02:41:40-20
17 10 2018 02:41:44-19
17 10 2018 02:41:44-19
17 10 2018 02:41:44-19
17 10 2018 02:41:44-19
17 10 2018 02:41:44-19
17 10 2018 02:41:44-19
17 10 2018 02:41:44-19
17 10 2018 02:41:44-19
17 10 2018 02:41:44-19
17 10 2018 02:41:44-19
17 10 2018 02:41:44-19
17 10 2018 02:41:44-19
17 10 2018 02:42:09-18
17 10 2018 02:42:09-18
17 10 2018 02:42:09-18
17 10 2018 02:42:09-18
17 10 2018 02:42:09-18
17 10 2018 02:42:09-18
17 10 2018 02:42:09-18
17 10 2018 02:42:09-18
17 10 2018 02:42:09-18
17 10 2018 02:42:09-18
17 10 2018 02:42:09-18
17 10 2018 02:42:09-18
17 10 2018 02:42:09-18
17 10 2018 02:42:09-18
17 10 2018 02:42:37-83
17 10 2018 02:42:39-84
17 10 2018 02:42:39-84
17 10 2018 02:42:43-86
17 10 2018 02:42:45-83
17 10 2018 02:42:47-84
17 10 2018 02:42:49-82
17 10 2018 02:42:51-83
17 10 2018 02:42:51-83
